        EVEN         ODD    NEGATIVE
          98     1213121          -9
          88          -9         -12
         -12          -9          -9
          18           1         -18
         -18          29          -6
          -6          75          -2
          50          17        -280
         808         907        -121
          18          13        -223
        1024           1          -2
          -2          19         -27
           6          53          -8
        -280        -121         -13
          -2        -223          -5
          12          99          -3
          86          97            
          -8         -27            
                      91            
                      15            
                     -13            
                      73            
                      -5            
                      -3            
                                    
                                    
                                    
                                    
                                    
                                    
                                    
                                    
                                    
                                    
                                    
                                    
                                    
                                    
                                    
                                    
                                    
